20142120632026600010101202320230113101202300000001000000000000000000
20119720533026600010101202320230113101202300000001000000000000000000
20180637983026600010101202320230113101202300000001000000000000000000
20171622876026600010101202320230113101202300000001000000000000000000
23221711149026600010101202320230113101202300000001000000000000000000
20167123393026600010101202320230113101202300000001000000000000000000
20213533224026600010101202320230113101202300000001000000000000000000
20227254115026600010101202320230113101202300000001000000000000000000
20172814191026600010101202320230113101202300000001000000000000000000
27278425113026600010101202320230113101202300000001000000000000000000
27139413852026600010101202320230113101202300000001000000000000000000
27187001892026600010101202320230113101202300000001000000000000000000
27281562911026600010101202320230113101202300000001000000000000000000
20239566112026600010101202320230113101202300000001000000000000000000
27323375238026600010101202320230113101202300000001000000000000000000
20256023289026600010101202320230113101202300000001000000000000000000
27285595806026600010101202320230113101202300000001000000000000000000
23256022044026600010101202320230113101202300000002000000000000000000
27187571087026600010101202320230113101202300000001000000000000000000
20268704443026600010101202320230113101202300000001000000000000000000
27175498600026600010101202320230113101202300000001000000000000000000
27187001957026600010101202320230113101202300000002000000000000000000
27187184040026600010101202320230113101202300000001000000000000000000
27181973221026600010101202320230113101202300000001000000000000000000
27209214240026600010101202320230113101202300000001000000000000000000
27262904275026600010101202320230113101202300000002000000000000000000
27270989050026600010101202320230113101202300000001000000000000000000
27263243817026600010101202320230113101202300000001000000000000000000
27268556694026600010101202320230113101202300000001000000000000000000
20215066909026600010101202320230113101202300000001000000000000000000
27134689558026600010101202320230113101202300000001000000000000000000
23260550659026600010101202320230113101202300000001000000000000000000
27218304236026600010101202320230113101202300000001000000000000000000
20140651215026600010101202320230113101202300000001000000000000000000
20225939544026600010101202320230113101202300000001000000000000000000
27139412775026600010101202320230113101202300000001000000000000000000
27276320128026600010101202320230113101202300000001000000000000000000
20249886131026600010101202320230113101202300000001000000000000000000
27236552050026600010101202320230113101202300000001000000000000000000
27217377159026600010101202320230113101202300000001000000000000000000
27205243823026600010101202320230113101202300000001000000000000000000
27219196070026600010101202320230113101202300000001000000000000000000
27213551723026600010101202320230113101202300000001000000000000000000
23313601404026600010101202320230113101202300000001000000000000000000
27298250255026600010101202320230113101202300000001000000000000000000
27190067802026600010101202320230113101202300000001000000000000000000
27271374831026600010101202320230113101202300000001000000000000000000
27302523318026600010101202320230113101202300000001000000000000000000
27178315426026600010101202320230113101202300000001000000000000000000
27250261549026600010101202320230113101202300000001000000000000000000
27295128734026600010101202320230113101202300000001000000000000000000
27132381696026600010101202320230113101202300000001000000000000000000
27298254080026600010101202320230113101202300000001000000000000000000
27227255027026600010101202320230113101202300000001000000000000000000
20281560973026600010101202320230113101202300000001000000000000000000
27275531168026600010101202320230113101202300000001000000000000000000
23230349274026600010101202320230113101202300000001000000000000000000
20332859413026600010101202320230113101202300000001000000000000000000
27233597401026600010101202320230113101202300000001000000000000000000
27316323095026600010101202320230113101202300000001000000000000000000
27334472758026600010101202320230113101202300000002000000000000000000
27188451557026600010101202320230113101202300000001000000000000000000
27220979380026600010101202320230113101202300000001000000000000000000
27188791684026600010101202320230113101202300000001000000000000000000
27207058306026600010101202320230113101202300000001000000000000000000
20297541413026600010101202320230113101202300000001000000000000000000
27182242026026600010101202320230113101202300000001000000000000000000
27230294734026600010101202320230113101202300000002000000000000000000
27257558229026600010101202320230113101202300000001000000000000000000
27327437459026600010101202320230113101202300000001000000000000000000
27171131680026600010101202320230113101202300000001000000000000000000
27341295187026600010101202320230113101202300000001000000000000000000
27308013281026600010101202320230113101202300000001000000000000000000
27323180852026600010101202320230113101202300000001000000000000000000
27355696397026600010101202320230113101202300000001000000000000000000
27342950677026600010101202320230113101202300000001000000000000000000
27245970167026600010101202320230113101202300000001000000000000000000
27321834448026600010101202320230113101202300000001000000000000000000
27138016094026600010101202320230113101202300000001000000000000000000
20188643702026600010101202320230113101202300000001000000000000000000
27230294092026600010101202320230113101202300000001000000000000000000
20190173675026600010101202320230113101202300000001000000000000000000
27262903783026600010101202320230113101202300000001000000000000000000
27190224800026600010101202320230113101202300000001000000000000000000
20241766382026600010101202320230113101202300000001000000000000000000
27222423029026600010101202320230113101202300000001000000000000000000
27334474890026600010101202320230113101202300000002000000000000000000
27146085283026600010101202320230113101202300000001000000000000000000
27262902167026600010101202320230113101202300000001000000000000000000
20297094816026600010101202320230113101202300000001000000000000000000
27256020527026600010101202320230113101202300000001000000000000000000
27342950758026600010101202320230113101202300000001000000000000000000
27190335009026600010101202320230113101202300000001000000000000000000
27318383346026600010101202320230113101202300000002000000000000000000
27331664818026600010101202320230113101202300000001000000000000000000
23305026654026600010101202320230113101202300000001000000000000000000
27355705787026600010101202320230113101202300000001000000000000000000
27263241997026600010101202320230113101202300000001000000000000000000
27346294014026600010101202320230113101202300000001000000000000000000
27188600137026600010101202320230113101202300000001000000000000000000
27188799014026600010101202320230113101202300000001000000000000000000
27188242206026600010101202320230113101202300000001000000000000000000
23233968064026600010101202320230113101202300000001000000000000000000
27188849402026600010101202320230113101202300000001000000000000000000
27355707984026600010101202320230113101202300000001000000000000000000
20261682274026600010101202320230113101202300000001000000000000000000
27320293982026600010101202320230113101202300000001000000000000000000
27165203114026600010101202320230113101202300000001000000000000000000
27143819936026600010101202320230113101202300000001000000000000000000
23330230754026600010101202320230113101202300000001000000000000000000
27279753491026600010101202320230113101202300000001000000000000000000
27209215603026600010101202320230113101202300000002000000000000000000
27338768120026600010101202320230113101202300000001000000000000000000
27260259054026600010101202320230113101202300000001000000000000000000
27190184051026600010101202320230113101202300000001000000000000000000
27165549304026600010101202320230113101202300000001000000000000000000
20288594504026600010101202320230113101202300000001000000000000000000
27355698063026600010101202320230113101202300000001000000000000000000
27345253241026600010101202320230113101202300000001000000000000000000
27190215747026600010101202320230113101202300000001000000000000000000
27392047137026600010101202320230113101202300000001000000000000000000
27406884835026600010101202320230113101202300000001000000000000000000
20287385324026600010101202320230113101202300000001000000000000000000
27314405558026600010101202320230113101202300000001000000000000000000
27244077418026600010101202320230113101202300000001000000000000000000
27927988076026600010101202320230113101202300000001000000000000000000
27364520110026600010101202320230113101202300000001000000000000000000
27392054621026600010101202320230113101202300000001000000000000000000
27347717210026600010101202320230113101202300000001000000000000000000
23313789624026600010101202320230113101202300000001000000000000000000
27298253718026600010101202320230113101202300000003000000000000000000
27349694110026600010101202320230113101202300000001000000000000000000
27397060298026600010101202320230113101202300000001000000000000000000
27249888597026600010101202320230113101202300000001000000000000000000
27403876947026600010101202320230113101202300000001000000000000000000
27366931541026600010101202320230113101202300000001000000000000000000
20142120632026600010101202320230113101202300000001000000000000000000
20119720533026600010101202320230113101202300000001000000000000000000
20180637983026600010101202320230113101202300000001000000000000000000
20171622876026600010101202320230113101202300000001000000000000000000
23221711149026600010101202320230113101202300000001000000000000000000
20167123393026600010101202320230113101202300000001000000000000000000
20213533224026600010101202320230113101202300000001000000000000000000
20227254115026600010101202320230113101202300000001000000000000000000
20172814191026600010101202320230113101202300000001000000000000000000
27278425113026600010101202320230113101202300000001000000000000000000
27139413852026600010101202320230113101202300000001000000000000000000
27187001892026600010101202320230113101202300000001000000000000000000
27281562911026600010101202320230113101202300000001000000000000000000
20239566112026600010101202320230113101202300000001000000000000000000
27323375238026600010101202320230113101202300000001000000000000000000
20256023289026600010101202320230113101202300000001000000000000000000
27285595806026600010101202320230113101202300000001000000000000000000
23256022044026600010101202320230113101202300000002000000000000000000
27187571087026600010101202320230113101202300000001000000000000000000
20268704443026600010101202320230113101202300000001000000000000000000
27175498600026600010101202320230113101202300000001000000000000000000
27187001957026600010101202320230113101202300000002000000000000000000
27187184040026600010101202320230113101202300000001000000000000000000
27181973221026600010101202320230113101202300000001000000000000000000
27209214240026600010101202320230113101202300000001000000000000000000
27262904275026600010101202320230113101202300000002000000000000000000
27270989050026600010101202320230113101202300000001000000000000000000
27263243817026600010101202320230113101202300000001000000000000000000
27268556694026600010101202320230113101202300000001000000000000000000
20215066909026600010101202320230113101202300000001000000000000000000
27134689558026600010101202320230113101202300000001000000000000000000
23260550659026600010101202320230113101202300000001000000000000000000
27218304236026600010101202320230113101202300000001000000000000000000
20140651215026600010101202320230113101202300000001000000000000000000
20225939544026600010101202320230113101202300000001000000000000000000
27139412775026600010101202320230113101202300000001000000000000000000
27276320128026600010101202320230113101202300000001000000000000000000
20249886131026600010101202320230113101202300000001000000000000000000
27236552050026600010101202320230113101202300000001000000000000000000
27217377159026600010101202320230113101202300000001000000000000000000
27205243823026600010101202320230113101202300000001000000000000000000
27219196070026600010101202320230113101202300000001000000000000000000
27213551723026600010101202320230113101202300000001000000000000000000
23313601404026600010101202320230113101202300000001000000000000000000
27298250255026600010101202320230113101202300000001000000000000000000
27190067802026600010101202320230113101202300000001000000000000000000
27271374831026600010101202320230113101202300000001000000000000000000
27302523318026600010101202320230113101202300000001000000000000000000
27178315426026600010101202320230113101202300000001000000000000000000
27250261549026600010101202320230113101202300000001000000000000000000
27295128734026600010101202320230113101202300000001000000000000000000
27132381696026600010101202320230113101202300000001000000000000000000
27298254080026600010101202320230113101202300000001000000000000000000
27227255027026600010101202320230113101202300000001000000000000000000
20281560973026600010101202320230113101202300000001000000000000000000
27275531168026600010101202320230113101202300000001000000000000000000
23230349274026600010101202320230113101202300000001000000000000000000
20332859413026600010101202320230113101202300000001000000000000000000
27233597401026600010101202320230113101202300000001000000000000000000
27316323095026600010101202320230113101202300000001000000000000000000
27334472758026600010101202320230113101202300000002000000000000000000
27188451557026600010101202320230113101202300000001000000000000000000
27220979380026600010101202320230113101202300000001000000000000000000
27188791684026600010101202320230113101202300000001000000000000000000
27207058306026600010101202320230113101202300000001000000000000000000
20297541413026600010101202320230113101202300000001000000000000000000
27182242026026600010101202320230113101202300000001000000000000000000
27230294734026600010101202320230113101202300000002000000000000000000
27257558229026600010101202320230113101202300000001000000000000000000
27327437459026600010101202320230113101202300000001000000000000000000
27171131680026600010101202320230113101202300000001000000000000000000
27341295187026600010101202320230113101202300000001000000000000000000
27308013281026600010101202320230113101202300000001000000000000000000
27323180852026600010101202320230113101202300000001000000000000000000
27355696397026600010101202320230113101202300000001000000000000000000
27342950677026600010101202320230113101202300000001000000000000000000
27245970167026600010101202320230113101202300000001000000000000000000
27321834448026600010101202320230113101202300000001000000000000000000
27138016094026600010101202320230113101202300000001000000000000000000
20188643702026600010101202320230113101202300000001000000000000000000
27230294092026600010101202320230113101202300000001000000000000000000
20190173675026600010101202320230113101202300000001000000000000000000
27262903783026600010101202320230113101202300000001000000000000000000
27190224800026600010101202320230113101202300000001000000000000000000
20241766382026600010101202320230113101202300000001000000000000000000
27222423029026600010101202320230113101202300000001000000000000000000
27334474890026600010101202320230113101202300000002000000000000000000
27146085283026600010101202320230113101202300000001000000000000000000
27262902167026600010101202320230113101202300000001000000000000000000
20297094816026600010101202320230113101202300000001000000000000000000
27256020527026600010101202320230113101202300000001000000000000000000
27342950758026600010101202320230113101202300000001000000000000000000
27190335009026600010101202320230113101202300000001000000000000000000
27318383346026600010101202320230113101202300000002000000000000000000
27331664818026600010101202320230113101202300000001000000000000000000
23305026654026600010101202320230113101202300000001000000000000000000
27355705787026600010101202320230113101202300000001000000000000000000
27263241997026600010101202320230113101202300000001000000000000000000
27346294014026600010101202320230113101202300000001000000000000000000
27188600137026600010101202320230113101202300000001000000000000000000
27188799014026600010101202320230113101202300000001000000000000000000
27188242206026600010101202320230113101202300000001000000000000000000
23233968064026600010101202320230113101202300000001000000000000000000
27188849402026600010101202320230113101202300000001000000000000000000
27355707984026600010101202320230113101202300000001000000000000000000
20261682274026600010101202320230113101202300000001000000000000000000
27320293982026600010101202320230113101202300000001000000000000000000
27165203114026600010101202320230113101202300000001000000000000000000
27143819936026600010101202320230113101202300000001000000000000000000
23330230754026600010101202320230113101202300000001000000000000000000
27279753491026600010101202320230113101202300000001000000000000000000
27209215603026600010101202320230113101202300000002000000000000000000
27338768120026600010101202320230113101202300000001000000000000000000
27260259054026600010101202320230113101202300000001000000000000000000
27190184051026600010101202320230113101202300000001000000000000000000
27165549304026600010101202320230113101202300000001000000000000000000
20288594504026600010101202320230113101202300000001000000000000000000
27355698063026600010101202320230113101202300000001000000000000000000
27345253241026600010101202320230113101202300000001000000000000000000
27190215747026600010101202320230113101202300000001000000000000000000
27392047137026600010101202320230113101202300000001000000000000000000
27406884835026600010101202320230113101202300000001000000000000000000
20287385324026600010101202320230113101202300000001000000000000000000
27314405558026600010101202320230113101202300000001000000000000000000
27244077418026600010101202320230113101202300000001000000000000000000
27927988076026600010101202320230113101202300000001000000000000000000
27364520110026600010101202320230113101202300000001000000000000000000
27392054621026600010101202320230113101202300000001000000000000000000
27347717210026600010101202320230113101202300000001000000000000000000
23313789624026600010101202320230113101202300000001000000000000000000
27298253718026600010101202320230113101202300000003000000000000000000
27349694110026600010101202320230113101202300000001000000000000000000
27397060298026600010101202320230113101202300000001000000000000000000
27249888597026600010101202320230113101202300000001000000000000000000
27403876947026600010101202320230113101202300000001000000000000000000
27366931541026600010101202320230113101202300000001000000000000000000
